1.054873835678295624e+00
-2.327986903185043088e-01
5.262292201188070034e-02
-5.657561654051313974e-17
3.684762127470255710e-17
-8.149775309634123624e-03
-8.149775309633355141e-03
-2.327986903185043088e-01
1.015115951198297006e+00
-2.823007069368620447e-01
-1.193535677658775369e-16
-4.963165117109730233e-16
-3.054367227735737406e-02
-3.054367227735755447e-02
5.262292201188070034e-02
-2.823007069368620447e-01
5.660341063197746880e-01
-2.882032532336758303e-16
2.290521316277779000e-16
2.586170804018273484e-01
2.586170804018267377e-01
-5.657561654051313974e-17
-1.193535677658775369e-16
-2.882032532336758303e-16
9.999999999999997780e-01
-9.605463984148874809e-17
1.076546958710752016e-16
1.380159662270069567e-16
3.684762127470255710e-17
-4.963165117109730233e-16
2.290521316277779000e-16
-9.605463984148874809e-17
3.687997280767591479e-01
-2.750985397915506336e-01
2.750985397915515773e-01
-8.149775309634123624e-03
-3.054367227735737406e-02
2.586170804018273484e-01
1.076546958710752016e-16
-2.750985397915506336e-01
3.345270312484947550e-01
-7.588111623089975610e-02
-8.149775309633355141e-03
-3.054367227735754059e-02
2.586170804018267932e-01
1.380159662270069321e-16
2.750985397915516328e-01
-7.588111623089974223e-02
3.345270312484953656e-01
